1 -0.562860124133937 -1.79559782412911 -0.491228070175439 -0.183395090243275
1 -0.557256934337286 -3.06596058935841 -0.491228070175439 -0.325034306109942
1 0.105813457555815 1.68421052631579 0.508771929824561 -0.258328576243275
1 0.716564163964845 -0.188479412082566 0.508771929824561 -0.342743217976608
1 0.93794642463742 0.548002449655968 -0.491228070175439 -0.146664773443275
1 0.337493292951026 1.24067869880039 0.508771929824561 -0.362895520243275
1 0.761005143916511 -3.31236716020029 0.508771929824561 0.992055814423392
1 0.125215116361537 0.0278108001008697 -0.491228070175439 0.0598878676233918
1 0.359400688162098 -2.03926654418387 0.508771929824561 -0.262172047309942
1 -0.255862015015271 0.594545913037214 -0.491228070175439 0.133379154423392
1 0.157606723365902 -3.48485175978962 0.508771929824561 0.230142201356725
1 -0.557788282749382 2.02370402392017 0.508771929824561 0.0969514152233918
1 -0.392424364277296 1.75539464678122 0.508771929824561 -0.254150779043275
1 -0.556865207943706 1.8046759609496 0.508771929824561 -0.200550565709942
1 -0.179074673165073 1.04629129291401 -0.491228070175439 0.626611330156725
1 0.136856571576992 -1.67787024028243 -0.491228070175439 0.129471464290059
1 0.973987698193634 2.11405309989553 -0.491228070175439 -0.391120483576608
1 -0.208293622530497 -2.13509132173349 -0.491228070175439 0.339103584290058
1 -0.558323040037315 -0.120033142404266 -0.491228070175439 -0.421276726776608
1 -0.0625469010169906 2.28927555027198 0.508771929824561 -0.397824859576608
1 -0.141397422219637 -1.66144313555964 0.508771929824561 0.186637744690058
1 0.591848091389552 -1.92153896033719 -0.491228070175439 -0.0339823153099416
1 0.913730703103875 0.378255700853778 0.508771929824561 -0.254609718109942
1 0.813723074069622 1.76087034835549 -0.491228070175439 0.609118548023392
1 0.960717421873955 -1.72988940523794 -0.491228070175439 -0.256152422243275
1 1.19220923697822 -0.369177564033286 0.508771929824561 0.508493900956725
1 -0.0404494957230093 0.542526748081704 -0.491228070175439 -0.122255257043275
1 0.023042032332391 -0.475953744731438 -0.491228070175439 0.567854703756725
1 -0.0633915711309032 2.24546993767787 -0.491228070175439 -0.323036232909942
1 0.79357033660139 -2.31578947368421 -0.491228070175439 -0.0397044641099416
1 -0.553381907272697 -3.07143629093267 -0.491228070175439 -0.244274999443275
1 -0.557650679633872 2.00727691919738 0.508771929824561 0.419544299490058
1 -0.187254046625918 1.32007637162722 -0.491228070175439 -0.0235665695766082
1 -0.0562802951467922 0.767030512626537 0.508771929824561 0.0409877146900585
1 -0.424450880323102 0.380993551640909 -0.491228070175439 -0.132439654243275
1 -0.127343279116029 -0.779855182103102 0.508771929824561 -0.310019383309942
1 -0.00780466174959615 -1.44789077416333 -0.491228070175439 -0.214055803709942
1 -0.558056678004332 -0.204906516805361 0.508771929824561 -0.151852446643275
1 0.320773550663875 0.715011347671027 0.508771929824561 1.37880184722339
1 0.554804208383704 0.0634028603335857 0.508771929824561 0.303961111890058
1 -0.560025553087903 0.969631470874312 -0.491228070175439 -0.215596612109942
1 -0.0190595907295001 1.31733852084009 0.508771929824561 -0.157223548376608
1 -0.158251930225138 -2.65254512050146 0.508771929824561 0.0413171126900584
1 0.0834794261350034 0.698584242948234 0.508771929824561 -0.140006952509942
1 -0.555691823742367 0.969631470874312 -0.491228070175439 -0.332226094243275
1 -0.391589936841017 -0.514283655751287 0.508771929824561 -0.175301274643275
1 0.114013552644655 1.67052127238013 0.508771929824561 0.0591699832233918
1 -0.344906365104143 0.860117439389027 -0.491228070175439 0.0872461388233918
1 -0.344751291101244 0.977845023235709 0.508771929824561 -0.0639163397099415
1 -0.557079152210337 -1.30278468244533 0.508771929824561 -0.159108400243275
1 0.157527723547765 -0.0242083648546405 -0.491228070175439 -0.0951405361099416
1 -0.425949517932124 -1.32468748874239 -0.491228070175439 0.250610164156725
1 -0.555825969915009 1.5062502251522 -0.491228070175439 0.0474406757567252
1 0.125118636512807 2.47271155300984 0.508771929824561 0.178775571890059
1 -0.559252805908883 1.38578479051839 0.508771929824561 -0.320562312776608
1 -0.201921750593066 1.40768759681545 -0.491228070175439 -0.0274152309099415
1 0.0266144946207854 -1.92975251269858 -0.491228070175439 0.0510411654900584
