1 -0.554809760532694 -2.38529984731217 -0.472527472527473 -0.301882808417582 0.141178770407088 -0.549450549450549 0.0549450549450547 -0.637362637362637 -0.934065934065934
1 -0.56059707736818 -1.54204180487548 -0.472527472527473 -0.147511211484249 -0.165838773452562 -0.549450549450549 1.05494505494505 1.36263736263736 0.0659340659340659
1 -0.237339397056367 -2.57421155162428 -0.472527472527473 0.498658176249084 0.210284461463998 1.45054945054945 -1.94505494505495 0.362637362637363 0.0659340659340659
1 0.307362425014361 -1.83772968988575 0.527472527472527 0.271377107715751 0.230922360150677 -0.0494505494505493 -0.945054945054945 2.36263736263736 0.0659340659340659
1 -0.554993887571529 -2.81240457010478 -0.472527472527473 -0.289150427350916 -0.0823984653652702 -1.04945054945055 1.05494505494505 -0.637362637362637 0.0659340659340659
1 -0.558359426604375 -2.19638814300005 -0.472527472527473 0.0317696662490842 0.188797818026135 0.450549450549451 0.0549450549450547 -0.637362637362637 -0.934065934065934
1 -0.204538393805627 1.64481651134628 -0.472527472527473 -0.139706060284249 0.11340099262931 0.950549450549451 -0.945054945054945 -0.637362637362637 0.0659340659340659
1 0.108076504321572 1.93776654556942 0.527472527472527 -0.222444697484249 0.0578454370737542 0.950549450549451 1.05494505494505 -0.637362637362637 -0.934065934065934
1 0.718827210730602 0.0650766071710631 0.527472527472527 -0.306859339217582 -0.277520416584782 -0.549450549450549 1.05494505494505 -0.637362637362637 -0.934065934065934
1 0.940209471403177 0.801558468909597 -0.472527472527473 -0.110780894684249 -0.131178953170148 1.45054945054945 -0.945054945054945 1.36263736263736 1.06593406593407
1 -0.41135878948503 2.03359132311904 -0.472527472527473 -0.189402905217582 0.236416865645183 -0.549450549450549 -0.945054945054945 -0.637362637362637 1.06593406593407
1 0.339756339716783 1.49423471805402 0.527472527472527 -0.327011641484249 -0.0336179775603921 0.450549450549451 0.0549450549450547 1.36263736263736 0.0659340659340659
1 -0.0574403360663949 -1.57489601432107 0.527472527472527 -0.0586890776175825 0.307845437073754 -1.04945054945055 0.0549450549450547 -0.637362637362637 -0.934065934065934
1 0.763268190682268 -3.05881114094667 0.527472527472527 1.02793969318242 -0.144535515307198 1.95054945054945 1.05494505494505 -0.637362637362637 1.06593406593407
1 0.127478163127294 0.281366819354499 -0.472527472527473 0.0957717463824176 -0.151614022385705 0.950549450549451 -0.945054945054945 -0.637362637362637 1.06593406593407
1 0.361663734927855 -1.78571052493024 0.527472527472527 -0.226288168550916 -0.168345039116722 -0.0494505494505493 1.05494505494505 -0.637362637362637 0.0659340659340659
1 -0.253598968249514 0.848101932290843 -0.472527472527473 0.169263033182418 -0.0511289219006047 0.450549450549451 1.05494505494505 2.36263736263736 -0.934065934065934
1 0.159869770131658 -3.23129574053599 0.527472527472527 0.266026080115751 -0.0921545629262458 0.950549450549451 1.05494505494505 -0.637362637362637 -0.934065934065934
1 -0.555525235983625 2.2772600431738 0.527472527472527 0.132835293982418 0.0395527541469249 -0.549450549450549 -0.945054945054945 -0.637362637362637 0.0659340659340659
1 0.0722220483562308 -1.68988574738061 -0.472527472527473 -0.135570913350916 -0.517154562926246 0.950549450549451 1.05494505494505 0.362637362637363 -0.934065934065934
1 -0.186058342937073 1.11093560785553 -0.472527472527473 -0.0126577981509157 0.202582279179017 -0.0494505494505493 1.05494505494505 0.362637362637363 0.0659340659340659
1 -0.390161317511539 2.00895066603485 0.527472527472527 -0.218266900284249 0.0395527541469249 -0.549450549450549 0.0549450549450547 -0.637362637362637 -0.934065934065934
1 -0.55674969673952 0.650976675617333 -0.472527472527473 -0.208854794684249 0.307845437073754 -0.549450549450549 0.0549450549450547 -0.637362637362637 -0.934065934065934
1 -0.554602161177949 2.05823198020323 0.527472527472527 -0.164666686950916 -0.0254878962595791 -1.04945054945055 0.0549450549450547 -0.637362637362637 -0.934065934065934
1 -0.176811626399316 1.29984731216764 -0.472527472527473 0.662495208915751 -0.0511289219006047 0.450549450549451 1.05494505494505 0.362637362637363 0.0659340659340659
1 0.139119618342749 -1.4243142210288 -0.472527472527473 0.165355343049084 0.0395527541469249 0.950549450549451 0.0549450549450547 0.362637362637363 0.0659340659340659
1 1.0081706312992 0.719422945295635 0.527472527472527 0.0965616335824175 -0.521422855609173 -1.04945054945055 0.0549450549450547 0.362637362637363 0.0659340659340659
1 0.976250744959391 2.36760911914916 -0.472527472527473 -0.355236604817582 -0.25625712702881 0.450549450549451 1.05494505494505 -0.637362637362637 0.0659340659340659
1 -0.20603057576474 -1.88153530247986 -0.472527472527473 0.374987463049084 -0.0921545629262458 1.95054945054945 1.05494505494505 -0.637362637362637 -0.934065934065934
1 -0.556059993271558 0.133522876849364 -0.472527472527473 -0.385392848017582 0.0221311513594685 -0.549450549450549 0.0549450549450547 -0.637362637362637 1.06593406593407
1 -0.0602838542512336 2.54283156952561 0.527472527472527 -0.361940980817582 0.0935597227880399 -0.0494505494505493 0.0549450549450547 0.362637362637363 1.06593406593407
1 -0.139134375453881 -1.40788711630601 0.527472527472527 0.222521623449084 0.0459406751689924 -0.0494505494505493 0.0549450549450547 0.362637362637363 1.06593406593407
1 0.594111138155309 -1.66798294108356 -0.472527472527473 0.00190156344908421 -0.271101931347298 0.450549450549451 -1.94505494505495 -0.637362637362637 0.0659340659340659
1 -0.139487503090063 1.45590480703417 -0.472527472527473 0.127592843449084 0.260226389454707 -1.04945054945055 -1.94505494505495 -0.637362637362637 0.0659340659340659
1 0.915993749869632 0.631811720107407 0.527472527472527 -0.218725839350916 -0.217154562926246 -0.0494505494505493 -1.94505494505495 1.36263736263736 1.06593406593407
1 0.815986120835379 2.01442636760912 -0.472527472527473 0.645002426782418 -0.00922773365795304 -0.0494505494505493 -1.94505494505495 1.36263736263736 1.06593406593407
1 0.0859177372531437 -3.81172010740799 -0.472527472527473 0.0899531751824175 0.307845437073754 0.450549450549451 -0.945054945054945 -0.637362637362637 -0.934065934065934
1 0.606529041304062 -0.62759964197336 0.527472527472527 -0.203473528684249 0.260226389454707 0.450549450549451 -0.945054945054945 -0.637362637362637 0.0659340659340659
1 -0.196543461120722 -2.78776391302059 0.527472527472527 -0.288975976417582 0.307845437073754 0.950549450549451 1.05494505494505 0.362637362637363 0.0659340659340659
1 -0.0979588396826969 -2.85347233191176 0.527472527472527 -0.0466209121509158 0.11340099262931 0.450549450549451 -0.945054945054945 -0.637362637362637 -0.934065934065934
1 0.962980468639712 -1.47633338598431 -0.472527472527473 -0.220268543484249 -0.164376785148468 0.950549450549451 -0.945054945054945 -0.637362637362637 1.06593406593407
1 1.19447228374397 -0.115621544779657 0.527472527472527 0.544377779715751 0.063942998049364 -0.549450549450549 1.05494505494505 -0.637362637362637 -0.934065934065934
1 -0.0381864489572523 0.796082767335333 -0.472527472527473 -0.0863713782842491 -0.0975599683316511 -1.04945054945055 -1.94505494505495 1.36263736263736 1.06593406593407
1 0.0253050790981479 -0.222397725477808 -0.472527472527473 0.603738582515751 0.0137277900149307 0.450549450549451 0.0549450549450547 0.362637362637363 1.06593406593407
1 0.874066379193825 1.93229084399515 0.527472527472527 -0.265964312684249 0.307845437073754 0.450549450549451 -0.945054945054945 -0.637362637362637 0.0659340659340659
1 -0.0611285243651463 2.4990259569315 -0.472527472527473 -0.287152354150916 -0.117154562926246 -0.549450549450549 -0.945054945054945 -0.637362637362637 0.0659340659340659
1 -0.250780711763985 1.9021744853367 -0.472527472527473 -0.332987229884249 0.234674705366437 -0.549450549450549 0.0549450549450547 0.362637362637363 1.06593406593407
1 -0.286448830110528 2.22797872900542 0.527472527472527 -0.353559933764249 0.307845437073754 -0.549450549450549 0.0549450549450547 1.36263736263736 -0.934065934065934
1 0.795833383367147 -2.06223345443058 -0.472527472527473 -0.00382058535091578 -0.0254878962595791 -1.04945054945055 1.05494505494505 -0.637362637362637 1.06593406593407
1 0.0704398218308318 1.88574738061391 -0.472527472527473 0.0487852011824176 0.16150397365912 -0.549450549450549 -0.945054945054945 -0.637362637362637 1.06593406593407
1 -0.55111886050694 -2.81788027167904 -0.472527472527473 -0.208391120684249 -0.167154562926246 -0.549450549450549 1.05494505494505 -0.637362637362637 0.0659340659340659
1 -0.555387632868115 2.26083293845101 0.527472527472527 0.455428178249084 -0.128051998823682 0.450549450549451 0.0549450549450547 0.362637362637363 0.0659340659340659
1 -0.184990999860161 1.57363239088085 -0.472527472527473 0.0123173091824176 0.088333241951803 -0.0494505494505493 1.05494505494505 0.362637362637363 1.06593406593407
1 0.472455963872201 -0.40583372821566 0.527472527472527 -0.301116658817582 0.260226389454707 -0.549450549450549 0.0549450549450547 1.36263736263736 -0.934065934065934
1 -0.0540172483810353 1.02058653188017 0.527472527472527 0.0768715934490842 -0.228739928779904 -1.04945054945055 1.05494505494505 2.36263736263736 1.06593406593407
1 -0.422187833557345 0.634549570894539 -0.472527472527473 -0.0965557754842491 -0.00167837245005531 -0.0494505494505493 1.05494505494505 -0.637362637362637 0.0659340659340659
1 -0.220221012650751 -1.51740114779129 0.527472527472527 0.162599027449084 0.123634910757965 1.95054945054945 1.05494505494505 -0.637362637362637 1.06593406593407
1 -0.125080232350272 -0.526299162849472 0.527472527472527 -0.274135504550916 -0.144535515307198 -0.0494505494505493 0.0549450549450547 -0.637362637362637 0.0659340659340659
1 0.505418913463746 -2.19091244142579 0.527472527472527 0.142003950782418 0.307845437073754 -0.549450549450549 0.0549450549450547 -0.637362637362637 0.0659340659340659
1 0.935434739948669 2.27452219238667 -0.472527472527473 -0.278587940017582 0.236416865645183 0.950549450549451 1.05494505494505 0.362637362637363 0.0659340659340659
1 -0.109288491535384 -1.77749697256884 -0.472527472527473 0.303428249729084 -0.692154562926246 -0.549450549450549 -1.94505494505495 0.362637362637363 -0.934065934065934
1 -0.0055416149838392 -1.1943347549097 -0.472527472527473 -0.178171924950916 -0.144535515307198 -0.549450549450549 1.05494505494505 -0.637362637362637 -0.934065934065934
1 -0.55528037397953 0.0185331437898171 -0.472527472527473 -0.194644055484249 0.188797818026135 -1.04945054945055 0.0549450549450547 1.36263736263736 1.06593406593407
1 -0.555793631238576 0.0486495024482689 0.527472527472527 -0.115968567884249 -0.128051998823682 -0.549450549450549 1.05494505494505 -0.637362637362637 -0.934065934065934
1 0.323036597429632 0.968567366924656 0.527472527472527 1.41468572598242 -0.113207194505193 0.450549450549451 0.0549450549450547 2.36263736263736 1.06593406593407
1 0.130568158165254 1.73790343810878 -0.472527472527473 -0.189762610950916 0.205281334509652 -1.04945054945055 0.0549450549450547 -0.637362637362637 -0.934065934065934
1 0.378657620248058 -1.18885905333544 0.527472527472527 0.299562200649084 0.212607341835659 0.450549450549451 1.05494505494505 -0.637362637362637 0.0659340659340659
1 0.557067255149461 0.316958879587215 0.527472527472527 0.339844990649084 -0.179334050105733 0.450549450549451 1.05494505494505 -0.637362637362637 0.0659340659340659
1 -0.557762506322146 1.22318749012794 -0.472527472527473 -0.179712733350916 -0.192154562926246 -0.549450549450549 0.0549450549450547 0.362637362637363 0.0659340659340659
1 -0.0167965439637432 1.57089454009372 0.527472527472527 -0.121339669617582 -0.113207194505193 -0.549450549450549 -0.945054945054945 0.362637362637363 0.0659340659340659
1 -0.155988883459381 -2.39898910124783 0.527472527472527 0.0772009914490842 -0.192154562926246 0.950549450549451 1.05494505494505 -0.637362637362637 0.0659340659340659
1 0.0857424729007603 0.952140262201864 0.527472527472527 -0.104123073750916 0.0459406751689924 -0.549450549450549 -0.945054945054945 1.36263736263736 0.0659340659340659
1 -0.55342877697661 1.22318749012794 -0.472527472527473 -0.296342215484249 -0.0671545629262458 -0.0494505494505493 -0.945054945054945 -0.637362637362637 1.06593406593407
1 0.614806423201535 2.54009371873848 0.527472527472527 -0.170736694150916 0.128358257586575 0.950549450549451 0.0549450549450547 1.36263736263736 0.0659340659340659
1 -0.38932689007526 -0.260727636497657 0.527472527472527 -0.139417395884249 0.0935597227880399 -0.549450549450549 0.0549450549450547 0.362637362637363 -0.934065934065934
1 -0.556450034825746 -1.14505344074133 0.527472527472527 -0.0415152628175824 0.255213858126386 -1.04945054945055 -0.945054945054945 -0.637362637362637 0.0659340659340659
1 -0.552907145801127 0.407307955562574 -0.472527472527473 -0.0858493381509158 0.282845437073754 -0.549450549450549 1.05494505494505 -0.637362637362637 0.0659340659340659
1 0.116276599410412 1.92407729163376 0.527472527472527 0.0950538619824176 -0.13659900737069 -0.0494505494505493 -1.94505494505495 -0.637362637362637 0.0659340659340659
1 -0.342643318338386 1.11367345864266 -0.472527472527473 0.123130017582418 -0.0254878962595791 -0.0494505494505493 -1.94505494505495 -0.637362637362637 0.0659340659340659
1 -0.342488244335487 1.23140104248934 0.527472527472527 -0.0280324609509158 0.010548139776457 1.45054945054945 1.05494505494505 -0.637362637362637 -0.934065934065934
1 0.0861567070524754 -3.45306165429369 0.527472527472527 0.0659183541157509 -0.542154562926246 0.450549450549451 0.0549450549450547 -0.637362637362637 -0.934065934065934
1 -0.55481610544458 -1.0492286631917 0.527472527472527 -0.123224521484249 0.088333241951803 -0.549450549450549 0.0549450549450547 -0.637362637362637 -0.934065934065934
1 0.159790770313522 0.229347654398989 -0.472527472527473 -0.0592566573509158 0.0151625102444859 -0.549450549450549 1.05494505494505 0.362637362637363 0.0659340659340659
1 -0.557930493143321 0.631811720107407 -0.472527472527473 -0.105281994950916 0.182845437073754 -1.04945054945055 -1.94505494505495 0.362637362637363 -0.934065934065934
1 -0.423686471166367 -1.07113146948876 -0.472527472527473 0.286494042915751 -0.204349684877465 0.450549450549451 1.05494505494505 -0.637362637362637 0.0659340659340659
1 0.0127507650791845 -3.60911914916022 -0.472527472527473 -0.277749868950916 0.236416865645183 0.950549450549451 -1.94505494505495 -0.637362637362637 0.0659340659340659
1 -0.553562923149252 1.75980624440583 -0.472527472527473 0.0833245545157509 -0.155569197072587 -1.04945054945055 1.05494505494505 -0.637362637362637 -0.934065934065934
1 0.127381683278564 2.72626757226347 0.527472527472527 0.214659450649084 -0.144535515307198 -0.549450549450549 0.0549450549450547 0.362637362637363 0.0659340659340659
1 -0.556989759143126 1.63934080977202 0.527472527472527 -0.284678434017582 -0.00922773365795304 -0.549450549450549 1.05494505494505 0.362637362637363 0.0659340659340659
1 -0.199658703827309 1.66124361606908 -0.472527472527473 0.00846864784908424 -0.153693024464707 0.450549450549451 1.05494505494505 1.36263736263736 0.0659340659340659
1 0.0288775413865423 -1.67619649344495 -0.472527472527473 0.0869250442490842 -0.0511289219006047 -0.0494505494505493 0.0549450549450547 -0.637362637362637 0.0659340659340659
