1 -0.504669541710139 -2.5845311430527 -0.465753424657534 -0.269705501101187
1 -0.187199178233812 -2.77344284736482 -0.465753424657534 0.530835483565479
1 0.357502643836915 -2.03696098562628 0.534246575342466 0.303554415032146
1 -0.504853668748975 -3.01163586584531 -0.465753424657534 -0.256973120034521
1 -0.50821920778182 -2.39561943874059 -0.465753424657534 0.0639469735654794
1 -0.154398174983073 1.44558521560575 -0.465753424657534 -0.107528752967854
1 0.158216723144127 1.73853524982888 0.534246575342466 -0.190267390167854
1 0.990349690225732 0.602327173169062 -0.465753424657534 -0.0786035873678539
1 -0.361218570662475 1.83436002737851 -0.465753424657534 -0.157225597901187
1 0.389896558539338 1.29500342231348 0.534246575342466 -0.294834334167854
1 -0.00730011724384005 -1.7741273100616 0.534246575342466 -0.0265117703011872
1 0.177618381949849 0.0821355236139638 -0.465753424657534 0.127949053698813
1 0.41180395375041 -1.98494182067077 0.534246575342466 -0.194110861234521
1 -0.203458749426959 0.648870636550308 -0.465753424657534 0.201440340498813
1 -0.505385017161071 2.07802874743327 0.534246575342466 0.165012601298813
1 -0.135918124114518 0.91170431211499 -0.465753424657534 0.0195195091654795
1 -0.340021098688984 1.80971937029432 0.534246575342466 -0.186089592967854
1 -0.506609477916965 0.451745379876797 -0.465753424657534 -0.176677487367854
1 -0.504461942355394 1.8590006844627 0.534246575342466 -0.132489379634521
1 -0.126671407576761 1.10061601642711 -0.465753424657534 0.694672516232146
1 0.189259837165304 -1.62354551676934 -0.465753424657534 0.19753265036548
1 -0.155890356942185 -2.0807665982204 -0.465753424657534 0.407164770365479
1 -0.505919774449003 -0.0657084188911714 -0.465753424657534 -0.353215540701187
1 -0.0101436354286788 2.34360027378508 0.534246575342466 -0.329763673501187
1 -0.0889941566313257 -1.60711841204654 0.534246575342466 0.254698930765479
1 -0.0893472842675083 1.25667351129363 -0.465753424657534 0.159770150765479
1 0.966133968692187 0.432580424366872 0.534246575342466 -0.186548532034521
1 0.866126339657934 1.81519507186858 -0.465753424657534 0.677179734098813
1 0.136057956075698 -4.01095140314853 -0.465753424657534 0.122130482498813
1 0.656669260126616 -0.826830937713895 0.534246575342466 -0.171296221367854
1 -0.146403242298167 -2.98699520876112 0.534246575342466 -0.256798669101187
1 -0.0478186208601421 -3.05270362765229 0.534246575342466 -0.0144436048345206
1 1.24461250256653 -0.314852840520192 0.534246575342466 0.576555087032146
1 0.0119537698653025 0.596851471594798 -0.465753424657534 -0.0541940709678539
1 0.0754452979207028 -0.421629021218344 -0.465753424657534 0.635915889832146
1 0.92420659801638 1.73305954825462 0.534246575342466 -0.233787005367854
1 -0.0109883055425914 2.29979466119097 -0.465753424657534 -0.254975046834521
1 -0.20064049294143 1.70294318959617 -0.465753424657534 -0.300809922567854
1 -0.236308611287973 2.02874743326489 0.534246575342466 -0.321382626447854
1 0.845973602189702 -2.26146475017112 -0.465753424657534 0.0283567219654794
1 0.120580040653387 1.68651608487338 -0.465753424657534 0.0809625084988128
1 -0.500978641684386 -3.01711156741958 -0.465753424657534 -0.176213813367854
1 -0.50524741404556 2.06160164271047 0.534246575342466 0.487605485565479
1 -0.134850781037606 1.37440109514031 -0.465753424657534 0.0444946164988128
1 0.522596182694756 -0.605065023956195 0.534246575342466 -0.268939351501187
1 -0.00387702955848046 0.821355236139631 0.534246575342466 0.109048900765479
1 -0.37204761473479 0.435318275154003 -0.465753424657534 -0.0643784681678539
1 -0.170080793828196 -1.71663244353183 0.534246575342466 0.194776334765479
1 -0.0749400135277172 -0.725530458590008 0.534246575342466 -0.241958197234521
1 0.555559132286301 -2.39014373716632 0.534246575342466 0.174181258098813
1 0.985574958771224 2.07529089664613 -0.465753424657534 -0.246410632701187
1 0.0445986038387156 -1.39356605065024 -0.465753424657534 -0.145994617634521
1 -0.505140155156975 -0.180698151950718 -0.465753424657534 -0.162466748167854
1 -0.505653412416021 -0.150581793292266 0.534246575342466 -0.0837912605678539
1 0.180708376987809 1.53867214236824 -0.465753424657534 -0.157585303634521
1 0.428797839070612 -1.38809034907598 0.534246575342466 0.331739507965479
1 0.607207473972015 0.11772758384668 0.534246575342466 0.372022297965479
1 0.0333436748588116 1.37166324435318 0.534246575342466 -0.0891623623011872
1 0.135882691723315 0.752908966461328 0.534246575342466 -0.0719457664345206
1 -0.503288558154055 1.02395619438741 -0.465753424657534 -0.264164908167854
1 0.66494664202409 2.34086242299795 0.534246575342466 -0.138559386834521
1 -0.339186671252706 -0.459958932238193 0.534246575342466 -0.107240088567854
1 -0.506309816003191 -1.34428473648186 0.534246575342466 -0.00933795550118721
1 -0.502766926978572 0.208076659822039 -0.465753424657534 -0.0536720308345205
1 -0.292503099515831 0.914442162902121 -0.465753424657534 0.155307324898813
1 -0.504675886622025 -1.24845995893224 0.534246575342466 -0.0910472141678539
1 0.209930989136077 0.0301163586584536 -0.465753424657534 -0.0270793500345206
1 -0.507790274320767 0.432580424366872 -0.465753424657534 -0.0731046876345205
1 0.0628909839017393 -3.80835044490075 -0.465753424657534 -0.245572561634521
1 -0.503422704326697 1.5605749486653 -0.465753424657534 0.115501861832146
1 0.177521902101119 2.52703627652293 0.534246575342466 0.24683675796548
1 -0.506849540320572 1.44010951403149 0.534246575342466 -0.252501126701187
1 -0.149518485004754 1.46201232032854 -0.465753424657534 0.0406459551654795
