 108 
 159 
 9 
 0 
 30 
 64 
 76 
 117 
 9 
 32 
 4 
 168 
 93 
 134 
 53 
 56 
 36 
 109 
 100 
 83 
 76 
 108 
 64 
 94 
 197 
 26 
 34 
 32 
 185 
 205 
 100 
 1 
 0 
 51 
 0 
 0 
 47 
 100 
 7 
 74 
 34 
 93 
 74 
 69 
 13 
 43 
 165 
 264 
 12 
 18 
 262 
 235 
 6 
 7 
 17 
 29 
 13 
 5 
 2 
 6 
 129 
 282 
 139 
 233 
 59 
 0 
 0 
 22 
 59 
 41 
 29 
 49 
 5 
 1 
 34 
 49 
 9 
 280 
 86 
 86 
 181 
 90 
 65 
 78 
 83 
 105 
 7 
 9 
 133 
 178 
 65 
 63 
 24 
 112 
 92 
 59 
 127 
 106 
 26 
 29 
 65 
 6 
 18 
 151 
 171 
 42 
 146 
 38 
 96 
 47 
 53 
 0 
 5 
 30 
 56 
 0 
 0 
 3 
 0 
 26 
 91 
 77 
 65 
 100 
 3 
 20 
 124 
 96 
 82 
 92 
 64 
 272 
 13 
 17 
 204 
 286 
 211 
 280 
 78 
 2 
 9 
 69 
 124 
 30 
 65 
 15 
 24 
 65 
 127 
 16 
 30 
 4 
 2 
 9 
 2 
 3 
 1 
 32 
 67 
 36 
 67 
 3 
 2 
 14 
 96 
 113 
 186 
 65 
 38 
 15 
 57 
 0 
 2 
 119 
 40 
 128 
 136 
 70 
 141 
 47 
 114 
 97 
 3 
 23 
 9 
 10 
 72 
 46 
 61 
 196 
 80 
 126 
 30 
 23 
 7 
 53 
 39 
 30 
 84 
 58 
 18 
 8 
 23 
 60 
 21 
 43 
 44 
 95 
 46 
 80 
 108 
 159 
 9 
 0 
 30 
 64 
 76 
 117 
 9 
 32 
 4 
 168 
 93 
 134 
 53 
 56 
 36 
 109 
 100 
 83 
 76 
 108 
 64 
 94 
 197 
 26 
 34 
 32 
 185 
 205 
 100 
 1 
 0 
 51 
 0 
 0 
 47 
 100 
 7 
 74 
 34 
 93 
 74 
 69 
 13 
 43 
 165 
 264 
 12 
 18 
 262 
 235 
 6 
 7 
 17 
 29 
 13 
 5 
 2 
 6 
 129 
 282 
 139 
 233 
 59 
 0 
 0 
 22 
 59 
 41 
 29 
 49 
 5 
 1 
 34 
 49 
 9 
 280 
 86 
 86 
 181 
 90 
 65 
 78 
 83 
 105 
 7 
 9 
 133 
 178 
 65 
 63 
 24 
 112 
 92 
 59 
 127 
 106 
 26 
 29 
 65 
 6 
 18 
 151 
 171 
 42 
 146 
 38 
 96 
 47 
 53 
 0 
 5 
 30 
 56 
 0 
 0 
 3 
 0 
 26 
 91 
 77 
 65 
 100 
 3 
 20 
 124 
 96 
 82 
 92 
 64 
 272 
 13 
 17 
 204 
 286 
 211 
 280 
 78 
 2 
 9 
 69 
 124 
 30 
 65 
 15 
 24 
 65 
 127 
 16 
 30 
 4 
 2 
 9 
 2 
 3 
 1 
 32 
 67 
 36 
 67 
 3 
 2 
 14 
 96 
 113 
 186 
 65 
 38 
 15 
 57 
 0 
 2 
 119 
 40 
 128 
 136 
 70 
 141 
 47 
 114 
 97 
 3 
 23 
 9 
 10 
 72 
 46 
 61 
 196 
 80 
 126 
 30 
 23 
 7 
 53 
 39 
 30 
 84 
 58 
 18 
 8 
 23 
 60 
 21 
 43 
 44 
 95 
 46 
 80 
 108 
 159 
 9 
 0 
 30 
 64 
 76 
 117 
 108 
 9 
 32 
 4 
 168 
 93 
 134 
 53 
 56 
 36 
 109 
 100 
 83 
 76 
 108 
 64 
 94 
 197 
 26 
 34 
 32 
 185 
 205 
 100 
 1 
 0 
 51 
 0 
 0 
 47 
 100 
 7 
 74 
 34 
 93 
 74 
 69 
 13 
 43 
 165 
 264 
 12 
 18 
 262 
 235 
 6 
 7 
 17 
 29 
 13 
 5 
 2 
 6 
 129 
 282 
 139 
 233 
 59 
 0 
 0 
 22 
 59 
 41 
 29 
 49 
 5 
 1 
 34 
 49 
 9 
 280 
 86 
 86 
 181 
 90 
 65 
 78 
 83 
 105 
 7 
 9 
 133 
 178 
 65 
 63 
 24 
 112 
 92 
 59 
 127 
 106 
 26 
 29 
 65 
 6 
 18 
 151 
 171 
 42 
 146 
 38 
 96 
 47 
 53 
 0 
 5 
 30 
 56 
 0 
 0 
 3 
 0 
 26 
 91 
 77 
 65 
 100 
 3 
 20 
 124 
 96 
 82 
 92 
 64 
 272 
 13 
 17 
 204 
 286 
 211 
 280 
 78 
 2 
 9 
 69 
 124 
 30 
 65 
 15 
 24 
 65 
 127 
 16 
 30 
 4 
 2 
 9 
 2 
 3 
 1 
 32 
 67 
 36 
 67 
 3 
 2 
 14 
 96 
 113 
 186 
 65 
 38 
 15 
 57 
 0 
 2 
 119 
 40 
 128 
 136 
 70 
 141 
 47 
 114 
 97 
 3 
 23 
 9 
 10 
 72 
 46 
 61 
 196 
 80 
 126 
 30 
 23 
 7 
 53 
 39 
 30 
 84 
 58 
 18 
 8 
 23 
 60 
 21 
 43 
 44 
 95 
 46 
 80 
 108 
 159 
 9 
 0 
 30 
 64 
 76 
 117 
 9 
 32 
 4 
 168 
 93 
 134 
 53 
 56 
 36 
 109 
 100 
 83 
 76 
 108 
 64 
 94 
 34 
 32 
 185 
 205 
 1 
 0 
 0 
 0 
 47 
 100 
 7 
 74 
 34 
 93 
 74 
 69 
 13 
 43 
 165 
 264 
 12 
 18 
 262 
 235 
 6 
 7 
 17 
 29 
 13 
 5 
 2 
 6 
 129 
 282 
 233 
 59 
 0 
 0 
 22 
 59 
 29 
 49 
 5 
 1 
 34 
 49 
 9 
 280 
 86 
 86 
 181 
 90 
 65 
 78 
 83 
 105 
 7 
 9 
 133 
 178 
 65 
 63 
 24 
 112 
 92 
 59 
 127 
 106 
 26 
 29 
 6 
 18 
 151 
 171 
 42 
 146 
 38 
 96 
 47 
 53 
 0 
 5 
 30 
 56 
 0 
 0 
 3 
 0 
 26 
 91 
 77 
 65 
 100 
 3 
 20 
 124 
 96 
 82 
 92 
 64 
 272 
 13 
 17 
 204 
 286 
 211 
 280 
 2 
 9 
 69 
 124 
 30 
 65 
 15 
 24 
 65 
 127 
 16 
 30 
 4 
 2 
 9 
 2 
 3 
 1 
 32 
 67 
 36 
 67 
 3 
 2 
 14 
 96 
 113 
 186 
 65 
 38 
 15 
 57 
 0 
 2 
 119 
 40 
 128 
 136 
 70 
 141 
 114 
 97 
 3 
 23 
 9 
 10 
 72 
 46 
 61 
 196 
 80 
 126 
 30 
 23 
 7 
 53 
 39 
 30 
 84 
 58 
 18 
 8 
 23 
 60 
 21 
 43 
 44 
 95 
 46 
 80 
