267
9
94
193
41
172
227
109
145
183
184
158
197
26
66
390
100
1
51
0
147
81
127
143
56
429
30
497
13
46
18
8
411
139
292
0
81
41
78
6
83
289
172
271
143
188
16
311
128
136
151
233
55
65
24
322
188
134
100
5
86
0
3
117
77
165
23
220
174
336
30
490
491
78
11
193
95
39
192
46
6
11
4
99
103
5
110
299
103
72
2
159
264
211
47
211
26
19
118
257
206
53
60
69
142
26
83
64
139
126
267
9
94
193
41
172
227
109
145
183
184
158
197
26
66
390
100
1
51
0
147
81
127
143
56
429
30
497
13
46
18
8
411
139
292
0
81
41
78
6
83
289
172
271
143
188
16
311
128
136
151
233
55
65
24
322
188
134
100
5
86
0
3
117
77
165
23
220
174
336
30
490
491
78
11
193
95
39
192
46
6
11
4
99
103
5
110
299
103
72
2
159
264
211
47
211
26
19
118
257
206
53
60
69
142
26
83
64
139
126
267
9
94
193
108
41
172
227
109
145
183
184
158
197
26
66
390
100
1
51
0
147
81
127
143
56
429
30
497
13
46
18
8
411
139
292
0
81
41
78
6
83
289
172
271
143
188
16
311
128
136
151
233
55
65
24
322
188
134
100
5
86
0
3
117
77
165
23
220
174
336
30
490
491
78
11
193
95
39
192
46
6
11
4
99
103
5
110
299
103
72
2
159
264
211
47
211
26
19
118
257
206
53
60
69
142
26
83
64
139
126
267
9
94
193
41
172
227
109
145
183
184
158
66
390
1
0
147
81
127
143
56
429
30
497
13
46
18
8
411
292
0
81
78
6
83
289
172
271
143
188
16
311
128
136
151
233
55
24
322
188
134
100
5
86
0
3
117
77
165
23
220
174
336
30
490
491
11
193
95
39
192
46
6
11
4
99
103
5
110
299
103
72
2
159
264
211
211
26
19
118
257
206
53
60
69
142
26
83
64
139
126
